1 -9.088686784225542548e-01
2 -1.518776396102434534e+00
3 -2.168974230372781697e+00
4 -2.840445669127617201e+00
5 -3.522727423053373386e+00
6 -4.210438219129489568e+00
7 -4.900866712784028856e+00
8 -5.592654480292069685e+00
9 -6.285121943753512852e+00
10 -6.977929263978718488e+00
11 -7.670906514034260937e+00
12 -8.363968729282802883e+00
13 -9.057073427229070717e+00
14 -9.750199366387469979e+00
15 -1.044333592630535712e+01
16 -1.113647779635418011e+01
17 -1.182962232475499142e+01
18 -1.252276818167620753e+01
19 -1.321591470526336387e+01
20 -1.390906157544069544e+01
21 -1.460220864091771631e+01
22 -1.529535579124401323e+01
23 -1.598850249391739453e+01
24 -1.668164045228665415e+01
