-2.07944 -8.681577107128171988e+00
-2.772588722239781145e+00 -7.700268403109519433e+00
-3.465735902799726542e+00 -6.236844664508171654e+00
-4.158883083359671495e+00 -4.766302133673676167e+00
-4.852030263919616893e+00 -3.279786254193259865e+00
-5.545177444479562290e+00 -1.847751989862677968e+00
-6.238324625039507687e+00 -3.940454880959659567e-01
-6.931471805599453084e+00 1.060206488966301652e+00
-7.624618986159398482e+00 2.511814850036318880e+00
-8.317766166719342991e+00 3.954368159239266767e+00
-9.010913347279288388e+00 5.397403114165844507e+00
