1 6.007996853440999985e-05
2 1.677020918577909470e-06
3 9.540235623717308044e-07
4 9.040231816470623016e-07
5 9.129871614277362823e-07
6 9.650248102843761444e-07
7 1.074979081749916077e-06
8 1.330976374447345734e-06
9 1.889013219624757767e-06
10 2.930988557636737823e-06
11 5.012960173189640045e-06
12 9.261013474315404892e-06
13 1.772702671587467194e-05
14 3.462901804596185684e-05
15 6.842502625659108162e-05
16 1.360260066576302052e-04
17 2.713049761950969696e-04
18 5.413779872469604015e-04
19 1.012576976791024208e-03
20 2.122486999724060297e-03
21 3.981406975071877241e-03
22 7.905833015684038401e-03
23 1.553999999305233359e-02
24 3.046020999317988753e-02
