1 -9.088686784225542548e-01
2 -1.518776396102434534e+00
3 -2.168974230372785250e+00
4 -2.840445669127617201e+00
5 -3.522727423053373386e+00
6 -4.210438219129460258e+00
7 -4.900866712784088364e+00
8 -5.592654480292069685e+00
9 -6.285121943753989804e+00
10 -6.977929263979195440e+00
11 -7.670906514039023349e+00
12 -8.363968729292327708e+00
13 -9.057073427198591986e+00
14 -9.750199366433188075e+00
15 -1.044333592642726849e+01
16 -1.113647779735994270e+01
17 -1.182962232542549685e+01
18 -1.252276818691833782e+01
19 -1.321591472476895213e+01
20 -1.390906161542713804e+01
21 -1.460220870431085061e+01
22 -1.529535579709568793e+01
23 -1.598850071110994087e+01
24 -1.668160798804332146e+01
