1 -9.088686784225542548e-01
2 -1.518776396102434534e+00
3 -2.168974230372781697e+00
4 -2.840445669127617201e+00
5 -3.522727423053388485e+00
6 -4.210438219129489568e+00
7 -4.900866712784208268e+00
8 -5.592654480292308605e+00
9 -6.285121943753989804e+00
10 -6.977929263978718488e+00
11 -7.670906514032355794e+00
12 -8.363968729267561741e+00
13 -9.057073427118584874e+00
14 -9.750199366265558609e+00
15 -1.044333592612249006e+01
16 -1.113647779620179357e+01
17 -1.182962232128055291e+01
18 -1.252276817594643710e+01
19 -1.321591469697349019e+01
20 -1.390906155544747413e+01
21 -1.460220858630209584e+01
22 -1.529535567225999060e+01
23 -1.598850223644391200e+01
24 -1.668163919614035962e+01
